9 3
  8.87298334620741480094352482410613447427749633789062e-01  1.12701665379258519905647517589386552572250366210938e-01  0.00000000000000000000000000000000000000000000000000e+00
  4.99999999999999833466546306226518936455249786376953e-01  5.00000000000000222044604925031308084726333618164062e-01  0.00000000000000000000000000000000000000000000000000e+00
  1.12701665379258020305286436268943361937999725341797e-01  8.87298334620742035205864794988883659243583679199219e-01  0.00000000000000000000000000000000000000000000000000e+00
 -2.22044604925031308084726333618164062500000000000000e-16  8.87298334620741813161259869957575574517250061035156e-01  1.12701665379258353372193823815905489027500152587891e-01
 -1.11022302462515654042363166809082031250000000000000e-16  5.00000000000000222044604925031308084726333618164062e-01  4.99999999999999944488848768742172978818416595458984e-01
 -6.24500451351650553988292813301086425781250000000000e-17  1.12701665379258408883345055073732510209083557128906e-01  8.87298334620741702138957407441921532154083251953125e-01
  1.12701665379258270105466976929164957255125045776367e-01  1.38777878078144567552953958511352539062500000000000e-16  8.87298334620741480094352482410613447427749633789062e-01
  4.99999999999999888977697537484345957636833190917969e-01  1.11022302462515654042363166809082031250000000000000e-16  5.00000000000000000000000000000000000000000000000000e-01
  8.87298334620741480094352482410613447427749633789062e-01  1.66533453693773481063544750213623046875000000000000e-16  1.12701665379258297861042592558078467845916748046875e-01
