822 1
  7.66000000000000000000000000000000000000000000000000e+02
  7.67000000000000000000000000000000000000000000000000e+02
  7.68000000000000000000000000000000000000000000000000e+02
  7.75000000000000000000000000000000000000000000000000e+02
  7.76000000000000000000000000000000000000000000000000e+02
  7.77000000000000000000000000000000000000000000000000e+02
  7.84000000000000000000000000000000000000000000000000e+02
  7.85000000000000000000000000000000000000000000000000e+02
  7.86000000000000000000000000000000000000000000000000e+02
  7.93000000000000000000000000000000000000000000000000e+02
  7.94000000000000000000000000000000000000000000000000e+02
  7.95000000000000000000000000000000000000000000000000e+02
  8.02000000000000000000000000000000000000000000000000e+02
  8.03000000000000000000000000000000000000000000000000e+02
  8.04000000000000000000000000000000000000000000000000e+02
  8.11000000000000000000000000000000000000000000000000e+02
  8.12000000000000000000000000000000000000000000000000e+02
  8.13000000000000000000000000000000000000000000000000e+02
  8.20000000000000000000000000000000000000000000000000e+02
  8.21000000000000000000000000000000000000000000000000e+02
  8.22000000000000000000000000000000000000000000000000e+02
  8.29000000000000000000000000000000000000000000000000e+02
  8.30000000000000000000000000000000000000000000000000e+02
  8.31000000000000000000000000000000000000000000000000e+02
  8.38000000000000000000000000000000000000000000000000e+02
  8.39000000000000000000000000000000000000000000000000e+02
  8.40000000000000000000000000000000000000000000000000e+02
  8.47000000000000000000000000000000000000000000000000e+02
  8.48000000000000000000000000000000000000000000000000e+02
  8.49000000000000000000000000000000000000000000000000e+02
  8.56000000000000000000000000000000000000000000000000e+02
  8.57000000000000000000000000000000000000000000000000e+02
  8.58000000000000000000000000000000000000000000000000e+02
  8.65000000000000000000000000000000000000000000000000e+02
  8.66000000000000000000000000000000000000000000000000e+02
  8.67000000000000000000000000000000000000000000000000e+02
  8.74000000000000000000000000000000000000000000000000e+02
  8.75000000000000000000000000000000000000000000000000e+02
  8.76000000000000000000000000000000000000000000000000e+02
  8.83000000000000000000000000000000000000000000000000e+02
  8.84000000000000000000000000000000000000000000000000e+02
  8.85000000000000000000000000000000000000000000000000e+02
  8.92000000000000000000000000000000000000000000000000e+02
  8.93000000000000000000000000000000000000000000000000e+02
  8.94000000000000000000000000000000000000000000000000e+02
  9.01000000000000000000000000000000000000000000000000e+02
  9.02000000000000000000000000000000000000000000000000e+02
  9.03000000000000000000000000000000000000000000000000e+02
  9.10000000000000000000000000000000000000000000000000e+02
  9.11000000000000000000000000000000000000000000000000e+02
  9.12000000000000000000000000000000000000000000000000e+02
  1.13500000000000000000000000000000000000000000000000e+03
  1.13600000000000000000000000000000000000000000000000e+03
  1.13700000000000000000000000000000000000000000000000e+03
  1.16200000000000000000000000000000000000000000000000e+03
  1.16300000000000000000000000000000000000000000000000e+03
  1.16400000000000000000000000000000000000000000000000e+03
  1.23400000000000000000000000000000000000000000000000e+03
  1.23500000000000000000000000000000000000000000000000e+03
  1.23600000000000000000000000000000000000000000000000e+03
  1.27900000000000000000000000000000000000000000000000e+03
  1.28000000000000000000000000000000000000000000000000e+03
  1.28100000000000000000000000000000000000000000000000e+03
  1.79200000000000000000000000000000000000000000000000e+03
  1.79300000000000000000000000000000000000000000000000e+03
  1.79400000000000000000000000000000000000000000000000e+03
  2.99800000000000000000000000000000000000000000000000e+03
  2.99900000000000000000000000000000000000000000000000e+03
  3.00000000000000000000000000000000000000000000000000e+03
  4.33900000000000000000000000000000000000000000000000e+03
  4.34000000000000000000000000000000000000000000000000e+03
  4.34100000000000000000000000000000000000000000000000e+03
  4.34800000000000000000000000000000000000000000000000e+03
  4.34900000000000000000000000000000000000000000000000e+03
  4.35000000000000000000000000000000000000000000000000e+03
  4.35700000000000000000000000000000000000000000000000e+03
  4.35800000000000000000000000000000000000000000000000e+03
  4.35900000000000000000000000000000000000000000000000e+03
  4.36600000000000000000000000000000000000000000000000e+03
  4.36700000000000000000000000000000000000000000000000e+03
  4.36800000000000000000000000000000000000000000000000e+03
  4.37500000000000000000000000000000000000000000000000e+03
  4.37600000000000000000000000000000000000000000000000e+03
  4.37700000000000000000000000000000000000000000000000e+03
  4.38400000000000000000000000000000000000000000000000e+03
  4.38500000000000000000000000000000000000000000000000e+03
  4.38600000000000000000000000000000000000000000000000e+03
  4.39300000000000000000000000000000000000000000000000e+03
  4.39400000000000000000000000000000000000000000000000e+03
  4.39500000000000000000000000000000000000000000000000e+03
  4.40200000000000000000000000000000000000000000000000e+03
  4.40300000000000000000000000000000000000000000000000e+03
  4.40400000000000000000000000000000000000000000000000e+03
  4.41100000000000000000000000000000000000000000000000e+03
  4.41200000000000000000000000000000000000000000000000e+03
  4.41300000000000000000000000000000000000000000000000e+03
  4.42000000000000000000000000000000000000000000000000e+03
  4.42100000000000000000000000000000000000000000000000e+03
  4.42200000000000000000000000000000000000000000000000e+03
  4.42900000000000000000000000000000000000000000000000e+03
  4.43000000000000000000000000000000000000000000000000e+03
  4.43100000000000000000000000000000000000000000000000e+03
  4.43800000000000000000000000000000000000000000000000e+03
  4.43900000000000000000000000000000000000000000000000e+03
  4.44000000000000000000000000000000000000000000000000e+03
  4.44700000000000000000000000000000000000000000000000e+03
  4.44800000000000000000000000000000000000000000000000e+03
  4.44900000000000000000000000000000000000000000000000e+03
  4.45600000000000000000000000000000000000000000000000e+03
  4.45700000000000000000000000000000000000000000000000e+03
  4.45800000000000000000000000000000000000000000000000e+03
  4.47400000000000000000000000000000000000000000000000e+03
  4.47500000000000000000000000000000000000000000000000e+03
  4.47600000000000000000000000000000000000000000000000e+03
  4.48300000000000000000000000000000000000000000000000e+03
  4.48400000000000000000000000000000000000000000000000e+03
  4.48500000000000000000000000000000000000000000000000e+03
  4.49200000000000000000000000000000000000000000000000e+03
  4.49300000000000000000000000000000000000000000000000e+03
  4.49400000000000000000000000000000000000000000000000e+03
  4.50100000000000000000000000000000000000000000000000e+03
  4.50200000000000000000000000000000000000000000000000e+03
  4.50300000000000000000000000000000000000000000000000e+03
  4.78000000000000000000000000000000000000000000000000e+03
  4.78100000000000000000000000000000000000000000000000e+03
  4.78200000000000000000000000000000000000000000000000e+03
  4.84300000000000000000000000000000000000000000000000e+03
  4.84400000000000000000000000000000000000000000000000e+03
  4.84500000000000000000000000000000000000000000000000e+03
  4.96000000000000000000000000000000000000000000000000e+03
  4.96100000000000000000000000000000000000000000000000e+03
  4.96200000000000000000000000000000000000000000000000e+03
  5.32000000000000000000000000000000000000000000000000e+03
  5.32100000000000000000000000000000000000000000000000e+03
  5.32200000000000000000000000000000000000000000000000e+03
  7.05700000000000000000000000000000000000000000000000e+03
  7.05800000000000000000000000000000000000000000000000e+03
  7.05900000000000000000000000000000000000000000000000e+03
  8.97400000000000000000000000000000000000000000000000e+03
  8.97500000000000000000000000000000000000000000000000e+03
  8.97600000000000000000000000000000000000000000000000e+03
  8.98300000000000000000000000000000000000000000000000e+03
  8.98400000000000000000000000000000000000000000000000e+03
  8.98500000000000000000000000000000000000000000000000e+03
  8.99200000000000000000000000000000000000000000000000e+03
  8.99300000000000000000000000000000000000000000000000e+03
  8.99400000000000000000000000000000000000000000000000e+03
  9.00100000000000000000000000000000000000000000000000e+03
  9.00200000000000000000000000000000000000000000000000e+03
  9.00300000000000000000000000000000000000000000000000e+03
  9.01000000000000000000000000000000000000000000000000e+03
  9.01100000000000000000000000000000000000000000000000e+03
  9.01200000000000000000000000000000000000000000000000e+03
  9.01900000000000000000000000000000000000000000000000e+03
  9.02000000000000000000000000000000000000000000000000e+03
  9.02100000000000000000000000000000000000000000000000e+03
  9.02800000000000000000000000000000000000000000000000e+03
  9.02900000000000000000000000000000000000000000000000e+03
  9.03000000000000000000000000000000000000000000000000e+03
  9.03700000000000000000000000000000000000000000000000e+03
  9.03800000000000000000000000000000000000000000000000e+03
  9.03900000000000000000000000000000000000000000000000e+03
  9.04600000000000000000000000000000000000000000000000e+03
  9.04700000000000000000000000000000000000000000000000e+03
  9.04800000000000000000000000000000000000000000000000e+03
  9.05500000000000000000000000000000000000000000000000e+03
  9.05600000000000000000000000000000000000000000000000e+03
  9.05700000000000000000000000000000000000000000000000e+03
  9.06400000000000000000000000000000000000000000000000e+03
  9.06500000000000000000000000000000000000000000000000e+03
  9.06600000000000000000000000000000000000000000000000e+03
  9.07300000000000000000000000000000000000000000000000e+03
  9.07400000000000000000000000000000000000000000000000e+03
  9.07500000000000000000000000000000000000000000000000e+03
  9.08200000000000000000000000000000000000000000000000e+03
  9.08300000000000000000000000000000000000000000000000e+03
  9.08400000000000000000000000000000000000000000000000e+03
  9.09100000000000000000000000000000000000000000000000e+03
  9.09200000000000000000000000000000000000000000000000e+03
  9.09300000000000000000000000000000000000000000000000e+03
  9.10000000000000000000000000000000000000000000000000e+03
  9.10100000000000000000000000000000000000000000000000e+03
  9.10200000000000000000000000000000000000000000000000e+03
  9.10900000000000000000000000000000000000000000000000e+03
  9.11000000000000000000000000000000000000000000000000e+03
  9.11100000000000000000000000000000000000000000000000e+03
  9.12700000000000000000000000000000000000000000000000e+03
  9.12800000000000000000000000000000000000000000000000e+03
  9.12900000000000000000000000000000000000000000000000e+03
  9.13600000000000000000000000000000000000000000000000e+03
  9.13700000000000000000000000000000000000000000000000e+03
  9.13800000000000000000000000000000000000000000000000e+03
  9.14500000000000000000000000000000000000000000000000e+03
  9.14600000000000000000000000000000000000000000000000e+03
  9.14700000000000000000000000000000000000000000000000e+03
  9.51400000000000000000000000000000000000000000000000e+03
  9.51500000000000000000000000000000000000000000000000e+03
  9.51600000000000000000000000000000000000000000000000e+03
  9.69400000000000000000000000000000000000000000000000e+03
  9.69500000000000000000000000000000000000000000000000e+03
  9.69600000000000000000000000000000000000000000000000e+03
  9.93700000000000000000000000000000000000000000000000e+03
  9.93800000000000000000000000000000000000000000000000e+03
  9.93900000000000000000000000000000000000000000000000e+03
  1.03240000000000000000000000000000000000000000000000e+04
  1.03250000000000000000000000000000000000000000000000e+04
  1.03260000000000000000000000000000000000000000000000e+04
  1.05220000000000000000000000000000000000000000000000e+04
  1.05230000000000000000000000000000000000000000000000e+04
  1.05240000000000000000000000000000000000000000000000e+04
  1.05760000000000000000000000000000000000000000000000e+04
  1.05770000000000000000000000000000000000000000000000e+04
  1.05780000000000000000000000000000000000000000000000e+04
  1.05850000000000000000000000000000000000000000000000e+04
  1.05860000000000000000000000000000000000000000000000e+04
  1.05870000000000000000000000000000000000000000000000e+04
  1.06570000000000000000000000000000000000000000000000e+04
  1.06580000000000000000000000000000000000000000000000e+04
  1.06590000000000000000000000000000000000000000000000e+04
  1.08730000000000000000000000000000000000000000000000e+04
  1.08740000000000000000000000000000000000000000000000e+04
  1.08750000000000000000000000000000000000000000000000e+04
  1.16470000000000000000000000000000000000000000000000e+04
  1.16480000000000000000000000000000000000000000000000e+04
  1.16490000000000000000000000000000000000000000000000e+04
  1.18270000000000000000000000000000000000000000000000e+04
  1.18280000000000000000000000000000000000000000000000e+04
  1.18290000000000000000000000000000000000000000000000e+04
  1.20070000000000000000000000000000000000000000000000e+04
  1.20080000000000000000000000000000000000000000000000e+04
  1.20090000000000000000000000000000000000000000000000e+04
  1.30960000000000000000000000000000000000000000000000e+04
  1.30970000000000000000000000000000000000000000000000e+04
  1.30980000000000000000000000000000000000000000000000e+04
  1.40320000000000000000000000000000000000000000000000e+04
  1.40330000000000000000000000000000000000000000000000e+04
  1.40340000000000000000000000000000000000000000000000e+04
  1.40410000000000000000000000000000000000000000000000e+04
  1.40420000000000000000000000000000000000000000000000e+04
  1.40430000000000000000000000000000000000000000000000e+04
  1.40500000000000000000000000000000000000000000000000e+04
  1.40510000000000000000000000000000000000000000000000e+04
  1.40520000000000000000000000000000000000000000000000e+04
  1.40590000000000000000000000000000000000000000000000e+04
  1.40600000000000000000000000000000000000000000000000e+04
  1.40610000000000000000000000000000000000000000000000e+04
  1.40680000000000000000000000000000000000000000000000e+04
  1.40690000000000000000000000000000000000000000000000e+04
  1.40700000000000000000000000000000000000000000000000e+04
  1.40770000000000000000000000000000000000000000000000e+04
  1.40780000000000000000000000000000000000000000000000e+04
  1.40790000000000000000000000000000000000000000000000e+04
  1.40860000000000000000000000000000000000000000000000e+04
  1.40870000000000000000000000000000000000000000000000e+04
  1.40880000000000000000000000000000000000000000000000e+04
  1.40950000000000000000000000000000000000000000000000e+04
  1.40960000000000000000000000000000000000000000000000e+04
  1.40970000000000000000000000000000000000000000000000e+04
  1.41040000000000000000000000000000000000000000000000e+04
  1.41050000000000000000000000000000000000000000000000e+04
  1.41060000000000000000000000000000000000000000000000e+04
  1.41130000000000000000000000000000000000000000000000e+04
  1.41140000000000000000000000000000000000000000000000e+04
  1.41150000000000000000000000000000000000000000000000e+04
  1.41220000000000000000000000000000000000000000000000e+04
  1.41230000000000000000000000000000000000000000000000e+04
  1.41240000000000000000000000000000000000000000000000e+04
  1.41310000000000000000000000000000000000000000000000e+04
  1.41320000000000000000000000000000000000000000000000e+04
  1.41330000000000000000000000000000000000000000000000e+04
  1.41400000000000000000000000000000000000000000000000e+04
  1.41410000000000000000000000000000000000000000000000e+04
  1.41420000000000000000000000000000000000000000000000e+04
  1.41490000000000000000000000000000000000000000000000e+04
  1.41500000000000000000000000000000000000000000000000e+04
  1.41510000000000000000000000000000000000000000000000e+04
  1.41580000000000000000000000000000000000000000000000e+04
  1.41590000000000000000000000000000000000000000000000e+04
  1.41600000000000000000000000000000000000000000000000e+04
  1.45720000000000000000000000000000000000000000000000e+04
  1.45730000000000000000000000000000000000000000000000e+04
  1.45740000000000000000000000000000000000000000000000e+04
  1.49050000000000000000000000000000000000000000000000e+04
  1.49060000000000000000000000000000000000000000000000e+04
  1.49070000000000000000000000000000000000000000000000e+04
  1.51750000000000000000000000000000000000000000000000e+04
  1.51760000000000000000000000000000000000000000000000e+04
  1.51770000000000000000000000000000000000000000000000e+04
  1.53100000000000000000000000000000000000000000000000e+04
  1.53110000000000000000000000000000000000000000000000e+04
  1.53120000000000000000000000000000000000000000000000e+04
  1.54720000000000000000000000000000000000000000000000e+04
  1.54730000000000000000000000000000000000000000000000e+04
  1.54740000000000000000000000000000000000000000000000e+04
  1.56340000000000000000000000000000000000000000000000e+04
  1.56350000000000000000000000000000000000000000000000e+04
  1.56360000000000000000000000000000000000000000000000e+04
  1.57870000000000000000000000000000000000000000000000e+04
  1.57880000000000000000000000000000000000000000000000e+04
  1.57890000000000000000000000000000000000000000000000e+04
  1.60390000000000000000000000000000000000000000000000e+04
  1.60400000000000000000000000000000000000000000000000e+04
  1.60410000000000000000000000000000000000000000000000e+04
  1.63990000000000000000000000000000000000000000000000e+04
  1.64000000000000000000000000000000000000000000000000e+04
  1.64010000000000000000000000000000000000000000000000e+04
  1.71550000000000000000000000000000000000000000000000e+04
  1.71560000000000000000000000000000000000000000000000e+04
  1.71570000000000000000000000000000000000000000000000e+04
  1.94320000000000000000000000000000000000000000000000e+04
  1.94330000000000000000000000000000000000000000000000e+04
  1.94340000000000000000000000000000000000000000000000e+04
  1.94410000000000000000000000000000000000000000000000e+04
  1.94420000000000000000000000000000000000000000000000e+04
  1.94430000000000000000000000000000000000000000000000e+04
  1.94500000000000000000000000000000000000000000000000e+04
  1.94510000000000000000000000000000000000000000000000e+04
  1.94520000000000000000000000000000000000000000000000e+04
  1.94590000000000000000000000000000000000000000000000e+04
  1.94600000000000000000000000000000000000000000000000e+04
  1.94610000000000000000000000000000000000000000000000e+04
  1.94680000000000000000000000000000000000000000000000e+04
  1.94690000000000000000000000000000000000000000000000e+04
  1.94700000000000000000000000000000000000000000000000e+04
  1.94770000000000000000000000000000000000000000000000e+04
  1.94780000000000000000000000000000000000000000000000e+04
  1.94790000000000000000000000000000000000000000000000e+04
  1.94860000000000000000000000000000000000000000000000e+04
  1.94870000000000000000000000000000000000000000000000e+04
  1.94880000000000000000000000000000000000000000000000e+04
  1.94950000000000000000000000000000000000000000000000e+04
  1.94960000000000000000000000000000000000000000000000e+04
  1.94970000000000000000000000000000000000000000000000e+04
  1.95040000000000000000000000000000000000000000000000e+04
  1.95050000000000000000000000000000000000000000000000e+04
  1.95060000000000000000000000000000000000000000000000e+04
  1.95130000000000000000000000000000000000000000000000e+04
  1.95140000000000000000000000000000000000000000000000e+04
  1.95150000000000000000000000000000000000000000000000e+04
  1.95220000000000000000000000000000000000000000000000e+04
  1.95230000000000000000000000000000000000000000000000e+04
  1.95240000000000000000000000000000000000000000000000e+04
  1.95310000000000000000000000000000000000000000000000e+04
  1.95320000000000000000000000000000000000000000000000e+04
  1.95330000000000000000000000000000000000000000000000e+04
  1.95400000000000000000000000000000000000000000000000e+04
  1.95410000000000000000000000000000000000000000000000e+04
  1.95420000000000000000000000000000000000000000000000e+04
  1.95490000000000000000000000000000000000000000000000e+04
  1.95500000000000000000000000000000000000000000000000e+04
  1.95510000000000000000000000000000000000000000000000e+04
  1.95580000000000000000000000000000000000000000000000e+04
  1.95590000000000000000000000000000000000000000000000e+04
  1.95600000000000000000000000000000000000000000000000e+04
  1.95670000000000000000000000000000000000000000000000e+04
  1.95680000000000000000000000000000000000000000000000e+04
  1.95690000000000000000000000000000000000000000000000e+04
  1.95760000000000000000000000000000000000000000000000e+04
  1.95770000000000000000000000000000000000000000000000e+04
  1.95780000000000000000000000000000000000000000000000e+04
  1.95850000000000000000000000000000000000000000000000e+04
  1.95860000000000000000000000000000000000000000000000e+04
  1.95870000000000000000000000000000000000000000000000e+04
  1.95940000000000000000000000000000000000000000000000e+04
  1.95950000000000000000000000000000000000000000000000e+04
  1.95960000000000000000000000000000000000000000000000e+04
  1.96030000000000000000000000000000000000000000000000e+04
  1.96040000000000000000000000000000000000000000000000e+04
  1.96050000000000000000000000000000000000000000000000e+04
  1.96120000000000000000000000000000000000000000000000e+04
  1.96130000000000000000000000000000000000000000000000e+04
  1.96140000000000000000000000000000000000000000000000e+04
  1.96210000000000000000000000000000000000000000000000e+04
  1.96220000000000000000000000000000000000000000000000e+04
  1.96230000000000000000000000000000000000000000000000e+04
  1.96300000000000000000000000000000000000000000000000e+04
  1.96310000000000000000000000000000000000000000000000e+04
  1.96320000000000000000000000000000000000000000000000e+04
  1.96390000000000000000000000000000000000000000000000e+04
  1.96400000000000000000000000000000000000000000000000e+04
  1.96410000000000000000000000000000000000000000000000e+04
  1.96480000000000000000000000000000000000000000000000e+04
  1.96490000000000000000000000000000000000000000000000e+04
  1.96500000000000000000000000000000000000000000000000e+04
  1.96570000000000000000000000000000000000000000000000e+04
  1.96580000000000000000000000000000000000000000000000e+04
  1.96590000000000000000000000000000000000000000000000e+04
  1.96660000000000000000000000000000000000000000000000e+04
  1.96670000000000000000000000000000000000000000000000e+04
  1.96680000000000000000000000000000000000000000000000e+04
  1.96750000000000000000000000000000000000000000000000e+04
  1.96760000000000000000000000000000000000000000000000e+04
  1.96770000000000000000000000000000000000000000000000e+04
  1.96840000000000000000000000000000000000000000000000e+04
  1.96850000000000000000000000000000000000000000000000e+04
  1.96860000000000000000000000000000000000000000000000e+04
  1.96930000000000000000000000000000000000000000000000e+04
  1.96940000000000000000000000000000000000000000000000e+04
  1.96950000000000000000000000000000000000000000000000e+04
  1.97020000000000000000000000000000000000000000000000e+04
  1.97030000000000000000000000000000000000000000000000e+04
  1.97040000000000000000000000000000000000000000000000e+04
  1.97110000000000000000000000000000000000000000000000e+04
  1.97120000000000000000000000000000000000000000000000e+04
  1.97130000000000000000000000000000000000000000000000e+04
  1.97200000000000000000000000000000000000000000000000e+04
  1.97210000000000000000000000000000000000000000000000e+04
  1.97220000000000000000000000000000000000000000000000e+04
  2.00530000000000000000000000000000000000000000000000e+04
  2.00540000000000000000000000000000000000000000000000e+04
  2.00550000000000000000000000000000000000000000000000e+04
  2.00980000000000000000000000000000000000000000000000e+04
  2.00990000000000000000000000000000000000000000000000e+04
  2.01000000000000000000000000000000000000000000000000e+04
  2.01250000000000000000000000000000000000000000000000e+04
  2.01260000000000000000000000000000000000000000000000e+04
  2.01270000000000000000000000000000000000000000000000e+04
  2.01520000000000000000000000000000000000000000000000e+04
  2.01530000000000000000000000000000000000000000000000e+04
  2.01540000000000000000000000000000000000000000000000e+04
  2.02600000000000000000000000000000000000000000000000e+04
  2.02610000000000000000000000000000000000000000000000e+04
  2.02620000000000000000000000000000000000000000000000e+04
  2.02960000000000000000000000000000000000000000000000e+04
  2.02970000000000000000000000000000000000000000000000e+04
  2.02980000000000000000000000000000000000000000000000e+04
  2.03230000000000000000000000000000000000000000000000e+04
  2.03240000000000000000000000000000000000000000000000e+04
  2.03250000000000000000000000000000000000000000000000e+04
  2.18800000000000000000000000000000000000000000000000e+04
  2.18810000000000000000000000000000000000000000000000e+04
  2.18820000000000000000000000000000000000000000000000e+04
  2.58580000000000000000000000000000000000000000000000e+04
  2.58590000000000000000000000000000000000000000000000e+04
  2.58600000000000000000000000000000000000000000000000e+04
  2.58670000000000000000000000000000000000000000000000e+04
  2.58680000000000000000000000000000000000000000000000e+04
  2.58690000000000000000000000000000000000000000000000e+04
  2.58760000000000000000000000000000000000000000000000e+04
  2.58770000000000000000000000000000000000000000000000e+04
  2.58780000000000000000000000000000000000000000000000e+04
  2.58850000000000000000000000000000000000000000000000e+04
  2.58860000000000000000000000000000000000000000000000e+04
  2.58870000000000000000000000000000000000000000000000e+04
  2.58940000000000000000000000000000000000000000000000e+04
  2.58950000000000000000000000000000000000000000000000e+04
  2.58960000000000000000000000000000000000000000000000e+04
  2.59030000000000000000000000000000000000000000000000e+04
  2.59040000000000000000000000000000000000000000000000e+04
  2.59050000000000000000000000000000000000000000000000e+04
  2.59120000000000000000000000000000000000000000000000e+04
  2.59130000000000000000000000000000000000000000000000e+04
  2.59140000000000000000000000000000000000000000000000e+04
  2.59210000000000000000000000000000000000000000000000e+04
  2.59220000000000000000000000000000000000000000000000e+04
  2.59230000000000000000000000000000000000000000000000e+04
  2.59300000000000000000000000000000000000000000000000e+04
  2.59310000000000000000000000000000000000000000000000e+04
  2.59320000000000000000000000000000000000000000000000e+04
  2.59390000000000000000000000000000000000000000000000e+04
  2.59400000000000000000000000000000000000000000000000e+04
  2.59410000000000000000000000000000000000000000000000e+04
  2.59480000000000000000000000000000000000000000000000e+04
  2.59490000000000000000000000000000000000000000000000e+04
  2.59500000000000000000000000000000000000000000000000e+04
  2.59570000000000000000000000000000000000000000000000e+04
  2.59580000000000000000000000000000000000000000000000e+04
  2.59590000000000000000000000000000000000000000000000e+04
  2.59660000000000000000000000000000000000000000000000e+04
  2.59670000000000000000000000000000000000000000000000e+04
  2.59680000000000000000000000000000000000000000000000e+04
  2.59750000000000000000000000000000000000000000000000e+04
  2.59760000000000000000000000000000000000000000000000e+04
  2.59770000000000000000000000000000000000000000000000e+04
  2.59840000000000000000000000000000000000000000000000e+04
  2.59850000000000000000000000000000000000000000000000e+04
  2.59860000000000000000000000000000000000000000000000e+04
  2.59930000000000000000000000000000000000000000000000e+04
  2.59940000000000000000000000000000000000000000000000e+04
  2.59950000000000000000000000000000000000000000000000e+04
  2.60020000000000000000000000000000000000000000000000e+04
  2.60030000000000000000000000000000000000000000000000e+04
  2.60040000000000000000000000000000000000000000000000e+04
  2.60110000000000000000000000000000000000000000000000e+04
  2.60120000000000000000000000000000000000000000000000e+04
  2.60130000000000000000000000000000000000000000000000e+04
  2.60200000000000000000000000000000000000000000000000e+04
  2.60210000000000000000000000000000000000000000000000e+04
  2.60220000000000000000000000000000000000000000000000e+04
  2.60290000000000000000000000000000000000000000000000e+04
  2.60300000000000000000000000000000000000000000000000e+04
  2.60310000000000000000000000000000000000000000000000e+04
  2.60380000000000000000000000000000000000000000000000e+04
  2.60390000000000000000000000000000000000000000000000e+04
  2.60400000000000000000000000000000000000000000000000e+04
  2.60470000000000000000000000000000000000000000000000e+04
  2.60480000000000000000000000000000000000000000000000e+04
  2.60490000000000000000000000000000000000000000000000e+04
  2.60560000000000000000000000000000000000000000000000e+04
  2.60570000000000000000000000000000000000000000000000e+04
  2.60580000000000000000000000000000000000000000000000e+04
  2.60740000000000000000000000000000000000000000000000e+04
  2.60750000000000000000000000000000000000000000000000e+04
  2.60760000000000000000000000000000000000000000000000e+04
  2.60830000000000000000000000000000000000000000000000e+04
  2.60840000000000000000000000000000000000000000000000e+04
  2.60850000000000000000000000000000000000000000000000e+04
  2.60920000000000000000000000000000000000000000000000e+04
  2.60930000000000000000000000000000000000000000000000e+04
  2.60940000000000000000000000000000000000000000000000e+04
  2.61010000000000000000000000000000000000000000000000e+04
  2.61020000000000000000000000000000000000000000000000e+04
  2.61030000000000000000000000000000000000000000000000e+04
  2.61100000000000000000000000000000000000000000000000e+04
  2.61110000000000000000000000000000000000000000000000e+04
  2.61120000000000000000000000000000000000000000000000e+04
  2.61280000000000000000000000000000000000000000000000e+04
  2.61290000000000000000000000000000000000000000000000e+04
  2.61300000000000000000000000000000000000000000000000e+04
  2.61370000000000000000000000000000000000000000000000e+04
  2.61380000000000000000000000000000000000000000000000e+04
  2.61390000000000000000000000000000000000000000000000e+04
  2.65870000000000000000000000000000000000000000000000e+04
  2.65880000000000000000000000000000000000000000000000e+04
  2.65890000000000000000000000000000000000000000000000e+04
  2.66050000000000000000000000000000000000000000000000e+04
  2.66060000000000000000000000000000000000000000000000e+04
  2.66070000000000000000000000000000000000000000000000e+04
  2.66410000000000000000000000000000000000000000000000e+04
  2.66420000000000000000000000000000000000000000000000e+04
  2.66430000000000000000000000000000000000000000000000e+04
  2.66770000000000000000000000000000000000000000000000e+04
  2.66780000000000000000000000000000000000000000000000e+04
  2.66790000000000000000000000000000000000000000000000e+04
  2.67130000000000000000000000000000000000000000000000e+04
  2.67140000000000000000000000000000000000000000000000e+04
  2.67150000000000000000000000000000000000000000000000e+04
  2.67490000000000000000000000000000000000000000000000e+04
  2.67500000000000000000000000000000000000000000000000e+04
  2.67510000000000000000000000000000000000000000000000e+04
  2.67850000000000000000000000000000000000000000000000e+04
  2.67860000000000000000000000000000000000000000000000e+04
  2.67870000000000000000000000000000000000000000000000e+04
  2.68030000000000000000000000000000000000000000000000e+04
  2.68040000000000000000000000000000000000000000000000e+04
  2.68050000000000000000000000000000000000000000000000e+04
  2.68210000000000000000000000000000000000000000000000e+04
  2.68220000000000000000000000000000000000000000000000e+04
  2.68230000000000000000000000000000000000000000000000e+04
  2.68480000000000000000000000000000000000000000000000e+04
  2.68490000000000000000000000000000000000000000000000e+04
  2.68500000000000000000000000000000000000000000000000e+04
  2.82340000000000000000000000000000000000000000000000e+04
  2.82350000000000000000000000000000000000000000000000e+04
  2.82360000000000000000000000000000000000000000000000e+04
  7.60000000000000000000000000000000000000000000000000e+01
  7.70000000000000000000000000000000000000000000000000e+01
  7.80000000000000000000000000000000000000000000000000e+01
  2.38000000000000000000000000000000000000000000000000e+02
  2.39000000000000000000000000000000000000000000000000e+02
  2.40000000000000000000000000000000000000000000000000e+02
  7.60000000000000000000000000000000000000000000000000e+02
  7.61000000000000000000000000000000000000000000000000e+02
  7.62000000000000000000000000000000000000000000000000e+02
  1.95700000000000000000000000000000000000000000000000e+03
  1.95800000000000000000000000000000000000000000000000e+03
  1.95900000000000000000000000000000000000000000000000e+03
  1.96600000000000000000000000000000000000000000000000e+03
  1.96700000000000000000000000000000000000000000000000e+03
  1.96800000000000000000000000000000000000000000000000e+03
  3.62200000000000000000000000000000000000000000000000e+03
  3.62300000000000000000000000000000000000000000000000e+03
  3.62400000000000000000000000000000000000000000000000e+03
  5.31400000000000000000000000000000000000000000000000e+03
  5.31500000000000000000000000000000000000000000000000e+03
  5.31600000000000000000000000000000000000000000000000e+03
  7.25800000000000000000000000000000000000000000000000e+03
  7.25900000000000000000000000000000000000000000000000e+03
  7.26000000000000000000000000000000000000000000000000e+03
  7.57300000000000000000000000000000000000000000000000e+03
  7.57400000000000000000000000000000000000000000000000e+03
  7.57500000000000000000000000000000000000000000000000e+03
  8.68900000000000000000000000000000000000000000000000e+03
  8.69000000000000000000000000000000000000000000000000e+03
  8.69100000000000000000000000000000000000000000000000e+03
  8.81500000000000000000000000000000000000000000000000e+03
  8.81600000000000000000000000000000000000000000000000e+03
  8.81700000000000000000000000000000000000000000000000e+03
  9.40000000000000000000000000000000000000000000000000e+03
  9.40100000000000000000000000000000000000000000000000e+03
  9.40200000000000000000000000000000000000000000000000e+03
  9.43600000000000000000000000000000000000000000000000e+03
  9.43700000000000000000000000000000000000000000000000e+03
  9.43800000000000000000000000000000000000000000000000e+03
  9.49000000000000000000000000000000000000000000000000e+03
  9.49100000000000000000000000000000000000000000000000e+03
  9.49200000000000000000000000000000000000000000000000e+03
  9.54400000000000000000000000000000000000000000000000e+03
  9.54500000000000000000000000000000000000000000000000e+03
  9.54600000000000000000000000000000000000000000000000e+03
  9.95800000000000000000000000000000000000000000000000e+03
  9.95900000000000000000000000000000000000000000000000e+03
  9.96000000000000000000000000000000000000000000000000e+03
  1.23160000000000000000000000000000000000000000000000e+04
  1.23170000000000000000000000000000000000000000000000e+04
  1.23180000000000000000000000000000000000000000000000e+04
  1.23520000000000000000000000000000000000000000000000e+04
  1.23530000000000000000000000000000000000000000000000e+04
  1.23540000000000000000000000000000000000000000000000e+04
  1.24060000000000000000000000000000000000000000000000e+04
  1.24070000000000000000000000000000000000000000000000e+04
  1.24080000000000000000000000000000000000000000000000e+04
  1.24690000000000000000000000000000000000000000000000e+04
  1.24700000000000000000000000000000000000000000000000e+04
  1.24710000000000000000000000000000000000000000000000e+04
  1.31530000000000000000000000000000000000000000000000e+04
  1.31540000000000000000000000000000000000000000000000e+04
  1.31550000000000000000000000000000000000000000000000e+04
  1.34230000000000000000000000000000000000000000000000e+04
  1.34240000000000000000000000000000000000000000000000e+04
  1.34250000000000000000000000000000000000000000000000e+04
  1.34320000000000000000000000000000000000000000000000e+04
  1.34330000000000000000000000000000000000000000000000e+04
  1.34340000000000000000000000000000000000000000000000e+04
  1.35040000000000000000000000000000000000000000000000e+04
  1.35050000000000000000000000000000000000000000000000e+04
  1.35060000000000000000000000000000000000000000000000e+04
  1.38190000000000000000000000000000000000000000000000e+04
  1.38200000000000000000000000000000000000000000000000e+04
  1.38210000000000000000000000000000000000000000000000e+04
  1.38370000000000000000000000000000000000000000000000e+04
  1.38380000000000000000000000000000000000000000000000e+04
  1.38390000000000000000000000000000000000000000000000e+04
  1.44940000000000000000000000000000000000000000000000e+04
  1.44950000000000000000000000000000000000000000000000e+04
  1.44960000000000000000000000000000000000000000000000e+04
  1.45030000000000000000000000000000000000000000000000e+04
  1.45040000000000000000000000000000000000000000000000e+04
  1.45050000000000000000000000000000000000000000000000e+04
  1.45480000000000000000000000000000000000000000000000e+04
  1.45490000000000000000000000000000000000000000000000e+04
  1.45500000000000000000000000000000000000000000000000e+04
  1.45930000000000000000000000000000000000000000000000e+04
  1.45940000000000000000000000000000000000000000000000e+04
  1.45950000000000000000000000000000000000000000000000e+04
  1.46650000000000000000000000000000000000000000000000e+04
  1.46660000000000000000000000000000000000000000000000e+04
  1.46670000000000000000000000000000000000000000000000e+04
  1.46830000000000000000000000000000000000000000000000e+04
  1.46840000000000000000000000000000000000000000000000e+04
  1.46850000000000000000000000000000000000000000000000e+04
  1.49170000000000000000000000000000000000000000000000e+04
  1.49180000000000000000000000000000000000000000000000e+04
  1.49190000000000000000000000000000000000000000000000e+04
  1.49260000000000000000000000000000000000000000000000e+04
  1.49270000000000000000000000000000000000000000000000e+04
  1.49280000000000000000000000000000000000000000000000e+04
  1.75360000000000000000000000000000000000000000000000e+04
  1.75370000000000000000000000000000000000000000000000e+04
  1.75380000000000000000000000000000000000000000000000e+04
  1.81480000000000000000000000000000000000000000000000e+04
  1.81490000000000000000000000000000000000000000000000e+04
  1.81500000000000000000000000000000000000000000000000e+04
  1.93900000000000000000000000000000000000000000000000e+04
  1.93910000000000000000000000000000000000000000000000e+04
  1.93920000000000000000000000000000000000000000000000e+04
  2.00290000000000000000000000000000000000000000000000e+04
  2.00300000000000000000000000000000000000000000000000e+04
  2.00310000000000000000000000000000000000000000000000e+04
  2.38000000000000000000000000000000000000000000000000e+04
  2.38010000000000000000000000000000000000000000000000e+04
  2.38020000000000000000000000000000000000000000000000e+04
  2.38090000000000000000000000000000000000000000000000e+04
  2.38100000000000000000000000000000000000000000000000e+04
  2.38110000000000000000000000000000000000000000000000e+04
  2.39620000000000000000000000000000000000000000000000e+04
  2.39630000000000000000000000000000000000000000000000e+04
  2.39640000000000000000000000000000000000000000000000e+04
  2.42140000000000000000000000000000000000000000000000e+04
  2.42150000000000000000000000000000000000000000000000e+04
  2.42160000000000000000000000000000000000000000000000e+04
  2.44390000000000000000000000000000000000000000000000e+04
  2.44400000000000000000000000000000000000000000000000e+04
  2.44410000000000000000000000000000000000000000000000e+04
  2.55100000000000000000000000000000000000000000000000e+04
  2.55110000000000000000000000000000000000000000000000e+04
  2.55120000000000000000000000000000000000000000000000e+04
  2.65450000000000000000000000000000000000000000000000e+04
  2.65460000000000000000000000000000000000000000000000e+04
  2.65470000000000000000000000000000000000000000000000e+04
  1.10500000000000000000000000000000000000000000000000e+03
  1.10600000000000000000000000000000000000000000000000e+03
  1.10700000000000000000000000000000000000000000000000e+03
  1.20400000000000000000000000000000000000000000000000e+03
  1.20500000000000000000000000000000000000000000000000e+03
  1.20600000000000000000000000000000000000000000000000e+03
  2.44600000000000000000000000000000000000000000000000e+03
  2.44700000000000000000000000000000000000000000000000e+03
  2.44800000000000000000000000000000000000000000000000e+03
  2.97700000000000000000000000000000000000000000000000e+03
  2.97800000000000000000000000000000000000000000000000e+03
  2.97900000000000000000000000000000000000000000000000e+03
  3.56200000000000000000000000000000000000000000000000e+03
  3.56300000000000000000000000000000000000000000000000e+03
  3.56400000000000000000000000000000000000000000000000e+03
  3.57100000000000000000000000000000000000000000000000e+03
  3.57200000000000000000000000000000000000000000000000e+03
  3.57300000000000000000000000000000000000000000000000e+03
  3.65200000000000000000000000000000000000000000000000e+03
  3.65300000000000000000000000000000000000000000000000e+03
  3.65400000000000000000000000000000000000000000000000e+03
  3.98500000000000000000000000000000000000000000000000e+03
  3.98600000000000000000000000000000000000000000000000e+03
  3.98700000000000000000000000000000000000000000000000e+03
  4.70500000000000000000000000000000000000000000000000e+03
  4.70600000000000000000000000000000000000000000000000e+03
  4.70700000000000000000000000000000000000000000000000e+03
  4.81300000000000000000000000000000000000000000000000e+03
  4.81400000000000000000000000000000000000000000000000e+03
  4.81500000000000000000000000000000000000000000000000e+03
  5.85700000000000000000000000000000000000000000000000e+03
  5.85800000000000000000000000000000000000000000000000e+03
  5.85900000000000000000000000000000000000000000000000e+03
  6.30700000000000000000000000000000000000000000000000e+03
  6.30800000000000000000000000000000000000000000000000e+03
  6.30900000000000000000000000000000000000000000000000e+03
  6.87400000000000000000000000000000000000000000000000e+03
  6.87500000000000000000000000000000000000000000000000e+03
  6.87600000000000000000000000000000000000000000000000e+03
  7.14400000000000000000000000000000000000000000000000e+03
  7.14500000000000000000000000000000000000000000000000e+03
  7.14600000000000000000000000000000000000000000000000e+03
  7.75600000000000000000000000000000000000000000000000e+03
  7.75700000000000000000000000000000000000000000000000e+03
  7.75800000000000000000000000000000000000000000000000e+03
  8.30500000000000000000000000000000000000000000000000e+03
  8.30600000000000000000000000000000000000000000000000e+03
  8.30700000000000000000000000000000000000000000000000e+03
  9.39400000000000000000000000000000000000000000000000e+03
  9.39500000000000000000000000000000000000000000000000e+03
  9.39600000000000000000000000000000000000000000000000e+03
  9.42100000000000000000000000000000000000000000000000e+03
  9.42200000000000000000000000000000000000000000000000e+03
  9.42300000000000000000000000000000000000000000000000e+03
  9.46600000000000000000000000000000000000000000000000e+03
  9.46700000000000000000000000000000000000000000000000e+03
  9.46800000000000000000000000000000000000000000000000e+03
  9.57400000000000000000000000000000000000000000000000e+03
  9.57500000000000000000000000000000000000000000000000e+03
  9.57600000000000000000000000000000000000000000000000e+03
  9.58300000000000000000000000000000000000000000000000e+03
  9.58400000000000000000000000000000000000000000000000e+03
  9.58500000000000000000000000000000000000000000000000e+03
  9.60100000000000000000000000000000000000000000000000e+03
  9.60200000000000000000000000000000000000000000000000e+03
  9.60300000000000000000000000000000000000000000000000e+03
  9.95200000000000000000000000000000000000000000000000e+03
  9.95300000000000000000000000000000000000000000000000e+03
  9.95400000000000000000000000000000000000000000000000e+03
  1.24000000000000000000000000000000000000000000000000e+04
  1.24010000000000000000000000000000000000000000000000e+04
  1.24020000000000000000000000000000000000000000000000e+04
  1.30660000000000000000000000000000000000000000000000e+04
  1.30670000000000000000000000000000000000000000000000e+04
  1.30680000000000000000000000000000000000000000000000e+04
  1.38490000000000000000000000000000000000000000000000e+04
  1.38500000000000000000000000000000000000000000000000e+04
  1.38510000000000000000000000000000000000000000000000e+04
  1.44250000000000000000000000000000000000000000000000e+04
  1.44260000000000000000000000000000000000000000000000e+04
  1.44270000000000000000000000000000000000000000000000e+04
  1.44520000000000000000000000000000000000000000000000e+04
  1.44530000000000000000000000000000000000000000000000e+04
  1.44540000000000000000000000000000000000000000000000e+04
  1.45240000000000000000000000000000000000000000000000e+04
  1.45250000000000000000000000000000000000000000000000e+04
  1.45260000000000000000000000000000000000000000000000e+04
  1.46410000000000000000000000000000000000000000000000e+04
  1.46420000000000000000000000000000000000000000000000e+04
  1.46430000000000000000000000000000000000000000000000e+04
  1.63330000000000000000000000000000000000000000000000e+04
  1.63340000000000000000000000000000000000000000000000e+04
  1.63350000000000000000000000000000000000000000000000e+04
  1.79350000000000000000000000000000000000000000000000e+04
  1.79360000000000000000000000000000000000000000000000e+04
  1.79370000000000000000000000000000000000000000000000e+04
  1.81150000000000000000000000000000000000000000000000e+04
  1.81160000000000000000000000000000000000000000000000e+04
  1.81170000000000000000000000000000000000000000000000e+04
  1.83670000000000000000000000000000000000000000000000e+04
  1.83680000000000000000000000000000000000000000000000e+04
  1.83690000000000000000000000000000000000000000000000e+04
  1.85740000000000000000000000000000000000000000000000e+04
  1.85750000000000000000000000000000000000000000000000e+04
  1.85760000000000000000000000000000000000000000000000e+04
  2.00050000000000000000000000000000000000000000000000e+04
  2.00060000000000000000000000000000000000000000000000e+04
  2.00070000000000000000000000000000000000000000000000e+04
  2.03560000000000000000000000000000000000000000000000e+04
  2.03570000000000000000000000000000000000000000000000e+04
  2.03580000000000000000000000000000000000000000000000e+04
  2.09410000000000000000000000000000000000000000000000e+04
  2.09420000000000000000000000000000000000000000000000e+04
  2.09430000000000000000000000000000000000000000000000e+04
  2.10940000000000000000000000000000000000000000000000e+04
  2.10950000000000000000000000000000000000000000000000e+04
  2.10960000000000000000000000000000000000000000000000e+04
  2.37940000000000000000000000000000000000000000000000e+04
  2.37950000000000000000000000000000000000000000000000e+04
  2.37960000000000000000000000000000000000000000000000e+04
  2.40910000000000000000000000000000000000000000000000e+04
  2.40920000000000000000000000000000000000000000000000e+04
  2.40930000000000000000000000000000000000000000000000e+04
  2.65660000000000000000000000000000000000000000000000e+04
  2.65670000000000000000000000000000000000000000000000e+04
  2.65680000000000000000000000000000000000000000000000e+04
  2.68810000000000000000000000000000000000000000000000e+04
  2.68820000000000000000000000000000000000000000000000e+04
  2.68830000000000000000000000000000000000000000000000e+04
  2.79160000000000000000000000000000000000000000000000e+04
  2.79170000000000000000000000000000000000000000000000e+04
  2.79180000000000000000000000000000000000000000000000e+04
