24 1
  5.32000000000000000000000000000000000000000000000000e+03
  5.32100000000000000000000000000000000000000000000000e+03
  5.32200000000000000000000000000000000000000000000000e+03
  1.95700000000000000000000000000000000000000000000000e+03
  1.95800000000000000000000000000000000000000000000000e+03
  1.95900000000000000000000000000000000000000000000000e+03
  1.96600000000000000000000000000000000000000000000000e+03
  1.96700000000000000000000000000000000000000000000000e+03
  1.96800000000000000000000000000000000000000000000000e+03
  5.31400000000000000000000000000000000000000000000000e+03
  5.31500000000000000000000000000000000000000000000000e+03
  5.31600000000000000000000000000000000000000000000000e+03
  2.44600000000000000000000000000000000000000000000000e+03
  2.44700000000000000000000000000000000000000000000000e+03
  2.44800000000000000000000000000000000000000000000000e+03
  2.97700000000000000000000000000000000000000000000000e+03
  2.97800000000000000000000000000000000000000000000000e+03
  2.97900000000000000000000000000000000000000000000000e+03
  5.85700000000000000000000000000000000000000000000000e+03
  5.85800000000000000000000000000000000000000000000000e+03
  5.85900000000000000000000000000000000000000000000000e+03
  6.30700000000000000000000000000000000000000000000000e+03
  6.30800000000000000000000000000000000000000000000000e+03
  6.30900000000000000000000000000000000000000000000000e+03
