24 1
  9.93700000000000000000000000000000000000000000000000e+03
  9.93800000000000000000000000000000000000000000000000e+03
  9.93900000000000000000000000000000000000000000000000e+03
  1.05850000000000000000000000000000000000000000000000e+04
  1.05860000000000000000000000000000000000000000000000e+04
  1.05870000000000000000000000000000000000000000000000e+04
  1.49050000000000000000000000000000000000000000000000e+04
  1.49060000000000000000000000000000000000000000000000e+04
  1.49070000000000000000000000000000000000000000000000e+04
  9.95800000000000000000000000000000000000000000000000e+03
  9.95900000000000000000000000000000000000000000000000e+03
  9.96000000000000000000000000000000000000000000000000e+03
  1.49170000000000000000000000000000000000000000000000e+04
  1.49180000000000000000000000000000000000000000000000e+04
  1.49190000000000000000000000000000000000000000000000e+04
  1.49260000000000000000000000000000000000000000000000e+04
  1.49270000000000000000000000000000000000000000000000e+04
  1.49280000000000000000000000000000000000000000000000e+04
  9.95200000000000000000000000000000000000000000000000e+03
  9.95300000000000000000000000000000000000000000000000e+03
  9.95400000000000000000000000000000000000000000000000e+03
  1.30660000000000000000000000000000000000000000000000e+04
  1.30670000000000000000000000000000000000000000000000e+04
  1.30680000000000000000000000000000000000000000000000e+04
