16 1
  3.31300000000000000000000000000000000000000000000000e+03
  3.31400000000000000000000000000000000000000000000000e+03
  3.31600000000000000000000000000000000000000000000000e+03
  3.31800000000000000000000000000000000000000000000000e+03
  3.32000000000000000000000000000000000000000000000000e+03
  3.32100000000000000000000000000000000000000000000000e+03
  3.52900000000000000000000000000000000000000000000000e+03
  3.53000000000000000000000000000000000000000000000000e+03
  4.35400000000000000000000000000000000000000000000000e+03
  4.35600000000000000000000000000000000000000000000000e+03
  4.96900000000000000000000000000000000000000000000000e+03
  4.97000000000000000000000000000000000000000000000000e+03
  4.97300000000000000000000000000000000000000000000000e+03
  4.97400000000000000000000000000000000000000000000000e+03
  4.97600000000000000000000000000000000000000000000000e+03
  4.97700000000000000000000000000000000000000000000000e+03
