516 1
  2.60000000000000000000000000000000000000000000000000e+01
  2.70000000000000000000000000000000000000000000000000e+01
  8.00000000000000000000000000000000000000000000000000e+01
  8.10000000000000000000000000000000000000000000000000e+01
  2.54000000000000000000000000000000000000000000000000e+02
  2.55000000000000000000000000000000000000000000000000e+02
  2.56000000000000000000000000000000000000000000000000e+02
  2.57000000000000000000000000000000000000000000000000e+02
  2.59000000000000000000000000000000000000000000000000e+02
  2.60000000000000000000000000000000000000000000000000e+02
  2.62000000000000000000000000000000000000000000000000e+02
  2.63000000000000000000000000000000000000000000000000e+02
  2.65000000000000000000000000000000000000000000000000e+02
  2.66000000000000000000000000000000000000000000000000e+02
  2.68000000000000000000000000000000000000000000000000e+02
  2.69000000000000000000000000000000000000000000000000e+02
  2.71000000000000000000000000000000000000000000000000e+02
  2.72000000000000000000000000000000000000000000000000e+02
  2.74000000000000000000000000000000000000000000000000e+02
  2.75000000000000000000000000000000000000000000000000e+02
  2.77000000000000000000000000000000000000000000000000e+02
  2.78000000000000000000000000000000000000000000000000e+02
  2.80000000000000000000000000000000000000000000000000e+02
  2.81000000000000000000000000000000000000000000000000e+02
  2.83000000000000000000000000000000000000000000000000e+02
  2.84000000000000000000000000000000000000000000000000e+02
  2.86000000000000000000000000000000000000000000000000e+02
  2.87000000000000000000000000000000000000000000000000e+02
  2.89000000000000000000000000000000000000000000000000e+02
  2.90000000000000000000000000000000000000000000000000e+02
  2.92000000000000000000000000000000000000000000000000e+02
  2.93000000000000000000000000000000000000000000000000e+02
  2.95000000000000000000000000000000000000000000000000e+02
  2.96000000000000000000000000000000000000000000000000e+02
  2.98000000000000000000000000000000000000000000000000e+02
  2.99000000000000000000000000000000000000000000000000e+02
  3.01000000000000000000000000000000000000000000000000e+02
  3.02000000000000000000000000000000000000000000000000e+02
  3.04000000000000000000000000000000000000000000000000e+02
  3.05000000000000000000000000000000000000000000000000e+02
  3.67000000000000000000000000000000000000000000000000e+02
  3.69000000000000000000000000000000000000000000000000e+02
  3.79000000000000000000000000000000000000000000000000e+02
  3.80000000000000000000000000000000000000000000000000e+02
  3.88000000000000000000000000000000000000000000000000e+02
  3.89000000000000000000000000000000000000000000000000e+02
  4.00000000000000000000000000000000000000000000000000e+02
  4.02000000000000000000000000000000000000000000000000e+02
  4.12000000000000000000000000000000000000000000000000e+02
  4.13000000000000000000000000000000000000000000000000e+02
  4.27000000000000000000000000000000000000000000000000e+02
  4.28000000000000000000000000000000000000000000000000e+02
  5.98000000000000000000000000000000000000000000000000e+02
  5.99000000000000000000000000000000000000000000000000e+02
  1.00000000000000000000000000000000000000000000000000e+03
  1.00100000000000000000000000000000000000000000000000e+03
  1.18600000000000000000000000000000000000000000000000e+03
  1.18800000000000000000000000000000000000000000000000e+03
  1.18900000000000000000000000000000000000000000000000e+03
  1.19100000000000000000000000000000000000000000000000e+03
  1.20800000000000000000000000000000000000000000000000e+03
  1.20900000000000000000000000000000000000000000000000e+03
  1.21600000000000000000000000000000000000000000000000e+03
  1.21800000000000000000000000000000000000000000000000e+03
  1.32700000000000000000000000000000000000000000000000e+03
  1.32900000000000000000000000000000000000000000000000e+03
  1.44700000000000000000000000000000000000000000000000e+03
  1.44800000000000000000000000000000000000000000000000e+03
  1.45000000000000000000000000000000000000000000000000e+03
  1.45100000000000000000000000000000000000000000000000e+03
  1.45300000000000000000000000000000000000000000000000e+03
  1.45400000000000000000000000000000000000000000000000e+03
  1.45600000000000000000000000000000000000000000000000e+03
  1.45700000000000000000000000000000000000000000000000e+03
  1.45900000000000000000000000000000000000000000000000e+03
  1.46000000000000000000000000000000000000000000000000e+03
  1.46200000000000000000000000000000000000000000000000e+03
  1.46300000000000000000000000000000000000000000000000e+03
  1.46500000000000000000000000000000000000000000000000e+03
  1.46600000000000000000000000000000000000000000000000e+03
  1.46800000000000000000000000000000000000000000000000e+03
  1.46900000000000000000000000000000000000000000000000e+03
  1.47100000000000000000000000000000000000000000000000e+03
  1.47200000000000000000000000000000000000000000000000e+03
  1.47400000000000000000000000000000000000000000000000e+03
  1.47500000000000000000000000000000000000000000000000e+03
  1.47700000000000000000000000000000000000000000000000e+03
  1.47800000000000000000000000000000000000000000000000e+03
  1.48000000000000000000000000000000000000000000000000e+03
  1.48100000000000000000000000000000000000000000000000e+03
  1.48300000000000000000000000000000000000000000000000e+03
  1.48400000000000000000000000000000000000000000000000e+03
  1.48600000000000000000000000000000000000000000000000e+03
  1.48700000000000000000000000000000000000000000000000e+03
  1.49200000000000000000000000000000000000000000000000e+03
  1.49300000000000000000000000000000000000000000000000e+03
  1.49500000000000000000000000000000000000000000000000e+03
  1.49600000000000000000000000000000000000000000000000e+03
  1.49800000000000000000000000000000000000000000000000e+03
  1.49900000000000000000000000000000000000000000000000e+03
  1.50100000000000000000000000000000000000000000000000e+03
  1.50200000000000000000000000000000000000000000000000e+03
  1.56700000000000000000000000000000000000000000000000e+03
  1.56900000000000000000000000000000000000000000000000e+03
  1.59400000000000000000000000000000000000000000000000e+03
  1.59500000000000000000000000000000000000000000000000e+03
  1.60300000000000000000000000000000000000000000000000e+03
  1.60500000000000000000000000000000000000000000000000e+03
  1.61500000000000000000000000000000000000000000000000e+03
  1.61600000000000000000000000000000000000000000000000e+03
  1.65400000000000000000000000000000000000000000000000e+03
  1.65500000000000000000000000000000000000000000000000e+03
  2.29000000000000000000000000000000000000000000000000e+03
  2.29200000000000000000000000000000000000000000000000e+03
  2.35300000000000000000000000000000000000000000000000e+03
  2.35400000000000000000000000000000000000000000000000e+03
  2.38000000000000000000000000000000000000000000000000e+03
  2.38200000000000000000000000000000000000000000000000e+03
  2.42000000000000000000000000000000000000000000000000e+03
  2.42100000000000000000000000000000000000000000000000e+03
  2.52500000000000000000000000000000000000000000000000e+03
  2.52600000000000000000000000000000000000000000000000e+03
  2.58400000000000000000000000000000000000000000000000e+03
  2.58600000000000000000000000000000000000000000000000e+03
  2.76700000000000000000000000000000000000000000000000e+03
  2.76900000000000000000000000000000000000000000000000e+03
  2.89700000000000000000000000000000000000000000000000e+03
  2.89800000000000000000000000000000000000000000000000e+03
  2.93900000000000000000000000000000000000000000000000e+03
  2.94000000000000000000000000000000000000000000000000e+03
  2.99200000000000000000000000000000000000000000000000e+03
  2.99300000000000000000000000000000000000000000000000e+03
  2.99500000000000000000000000000000000000000000000000e+03
  2.99600000000000000000000000000000000000000000000000e+03
  2.99800000000000000000000000000000000000000000000000e+03
  2.99900000000000000000000000000000000000000000000000e+03
  3.00100000000000000000000000000000000000000000000000e+03
  3.00200000000000000000000000000000000000000000000000e+03
  3.00400000000000000000000000000000000000000000000000e+03
  3.00500000000000000000000000000000000000000000000000e+03
  3.00700000000000000000000000000000000000000000000000e+03
  3.00800000000000000000000000000000000000000000000000e+03
  3.01000000000000000000000000000000000000000000000000e+03
  3.01100000000000000000000000000000000000000000000000e+03
  3.01300000000000000000000000000000000000000000000000e+03
  3.01400000000000000000000000000000000000000000000000e+03
  3.01600000000000000000000000000000000000000000000000e+03
  3.01700000000000000000000000000000000000000000000000e+03
  3.01900000000000000000000000000000000000000000000000e+03
  3.02000000000000000000000000000000000000000000000000e+03
  3.02200000000000000000000000000000000000000000000000e+03
  3.02300000000000000000000000000000000000000000000000e+03
  3.02500000000000000000000000000000000000000000000000e+03
  3.02600000000000000000000000000000000000000000000000e+03
  3.02800000000000000000000000000000000000000000000000e+03
  3.02900000000000000000000000000000000000000000000000e+03
  3.03100000000000000000000000000000000000000000000000e+03
  3.03200000000000000000000000000000000000000000000000e+03
  3.03400000000000000000000000000000000000000000000000e+03
  3.03500000000000000000000000000000000000000000000000e+03
  3.03700000000000000000000000000000000000000000000000e+03
  3.03800000000000000000000000000000000000000000000000e+03
  3.04300000000000000000000000000000000000000000000000e+03
  3.04400000000000000000000000000000000000000000000000e+03
  3.04600000000000000000000000000000000000000000000000e+03
  3.04700000000000000000000000000000000000000000000000e+03
  3.04900000000000000000000000000000000000000000000000e+03
  3.05000000000000000000000000000000000000000000000000e+03
  3.13000000000000000000000000000000000000000000000000e+03
  3.13200000000000000000000000000000000000000000000000e+03
  3.13400000000000000000000000000000000000000000000000e+03
  3.13500000000000000000000000000000000000000000000000e+03
  3.13900000000000000000000000000000000000000000000000e+03
  3.14100000000000000000000000000000000000000000000000e+03
  3.14600000000000000000000000000000000000000000000000e+03
  3.14700000000000000000000000000000000000000000000000e+03
  3.15400000000000000000000000000000000000000000000000e+03
  3.15600000000000000000000000000000000000000000000000e+03
  3.16400000000000000000000000000000000000000000000000e+03
  3.16500000000000000000000000000000000000000000000000e+03
  3.17200000000000000000000000000000000000000000000000e+03
  3.17300000000000000000000000000000000000000000000000e+03
  3.18200000000000000000000000000000000000000000000000e+03
  3.18300000000000000000000000000000000000000000000000e+03
  3.19000000000000000000000000000000000000000000000000e+03
  3.19200000000000000000000000000000000000000000000000e+03
  3.19300000000000000000000000000000000000000000000000e+03
  3.19500000000000000000000000000000000000000000000000e+03
  3.19900000000000000000000000000000000000000000000000e+03
  3.20100000000000000000000000000000000000000000000000e+03
  3.23200000000000000000000000000000000000000000000000e+03
  3.23300000000000000000000000000000000000000000000000e+03
  3.44200000000000000000000000000000000000000000000000e+03
  3.44300000000000000000000000000000000000000000000000e+03
  3.50800000000000000000000000000000000000000000000000e+03
  3.50900000000000000000000000000000000000000000000000e+03
  3.52600000000000000000000000000000000000000000000000e+03
  3.52700000000000000000000000000000000000000000000000e+03
  3.55300000000000000000000000000000000000000000000000e+03
  3.55400000000000000000000000000000000000000000000000e+03
  3.62500000000000000000000000000000000000000000000000e+03
  3.62600000000000000000000000000000000000000000000000e+03
  3.88300000000000000000000000000000000000000000000000e+03
  3.88400000000000000000000000000000000000000000000000e+03
  3.94300000000000000000000000000000000000000000000000e+03
  3.94400000000000000000000000000000000000000000000000e+03
  4.00300000000000000000000000000000000000000000000000e+03
  4.00400000000000000000000000000000000000000000000000e+03
  4.10600000000000000000000000000000000000000000000000e+03
  4.10700000000000000000000000000000000000000000000000e+03
  4.11800000000000000000000000000000000000000000000000e+03
  4.11900000000000000000000000000000000000000000000000e+03
  4.13200000000000000000000000000000000000000000000000e+03
  4.13400000000000000000000000000000000000000000000000e+03
  4.13600000000000000000000000000000000000000000000000e+03
  4.13700000000000000000000000000000000000000000000000e+03
  4.15700000000000000000000000000000000000000000000000e+03
  4.15800000000000000000000000000000000000000000000000e+03
  4.36600000000000000000000000000000000000000000000000e+03
  4.36700000000000000000000000000000000000000000000000e+03
  4.38500000000000000000000000000000000000000000000000e+03
  4.38600000000000000000000000000000000000000000000000e+03
  4.47500000000000000000000000000000000000000000000000e+03
  4.47600000000000000000000000000000000000000000000000e+03
  4.47800000000000000000000000000000000000000000000000e+03
  4.47900000000000000000000000000000000000000000000000e+03
  4.50200000000000000000000000000000000000000000000000e+03
  4.50300000000000000000000000000000000000000000000000e+03
  4.60700000000000000000000000000000000000000000000000e+03
  4.60800000000000000000000000000000000000000000000000e+03
  4.61300000000000000000000000000000000000000000000000e+03
  4.61400000000000000000000000000000000000000000000000e+03
  4.61500000000000000000000000000000000000000000000000e+03
  4.61700000000000000000000000000000000000000000000000e+03
  4.67800000000000000000000000000000000000000000000000e+03
  4.67900000000000000000000000000000000000000000000000e+03
  4.68100000000000000000000000000000000000000000000000e+03
  4.68200000000000000000000000000000000000000000000000e+03
  4.68400000000000000000000000000000000000000000000000e+03
  4.68500000000000000000000000000000000000000000000000e+03
  4.68700000000000000000000000000000000000000000000000e+03
  4.68800000000000000000000000000000000000000000000000e+03
  4.69000000000000000000000000000000000000000000000000e+03
  4.69100000000000000000000000000000000000000000000000e+03
  4.69300000000000000000000000000000000000000000000000e+03
  4.69400000000000000000000000000000000000000000000000e+03
  4.69600000000000000000000000000000000000000000000000e+03
  4.69700000000000000000000000000000000000000000000000e+03
  4.69900000000000000000000000000000000000000000000000e+03
  4.70000000000000000000000000000000000000000000000000e+03
  4.70200000000000000000000000000000000000000000000000e+03
  4.70300000000000000000000000000000000000000000000000e+03
  4.70500000000000000000000000000000000000000000000000e+03
  4.70600000000000000000000000000000000000000000000000e+03
  4.70800000000000000000000000000000000000000000000000e+03
  4.70900000000000000000000000000000000000000000000000e+03
  4.71100000000000000000000000000000000000000000000000e+03
  4.71200000000000000000000000000000000000000000000000e+03
  4.71400000000000000000000000000000000000000000000000e+03
  4.71500000000000000000000000000000000000000000000000e+03
  4.71700000000000000000000000000000000000000000000000e+03
  4.71800000000000000000000000000000000000000000000000e+03
  4.72000000000000000000000000000000000000000000000000e+03
  4.72100000000000000000000000000000000000000000000000e+03
  4.80700000000000000000000000000000000000000000000000e+03
  4.80900000000000000000000000000000000000000000000000e+03
  4.81600000000000000000000000000000000000000000000000e+03
  4.81800000000000000000000000000000000000000000000000e+03
  4.83200000000000000000000000000000000000000000000000e+03
  4.83300000000000000000000000000000000000000000000000e+03
  4.83500000000000000000000000000000000000000000000000e+03
  4.83600000000000000000000000000000000000000000000000e+03
  4.84000000000000000000000000000000000000000000000000e+03
  4.84200000000000000000000000000000000000000000000000e+03
  4.85000000000000000000000000000000000000000000000000e+03
  4.85100000000000000000000000000000000000000000000000e+03
  4.85800000000000000000000000000000000000000000000000e+03
  4.85900000000000000000000000000000000000000000000000e+03
  4.86500000000000000000000000000000000000000000000000e+03
  4.86600000000000000000000000000000000000000000000000e+03
  4.87900000000000000000000000000000000000000000000000e+03
  4.88100000000000000000000000000000000000000000000000e+03
  4.88900000000000000000000000000000000000000000000000e+03
  4.89000000000000000000000000000000000000000000000000e+03
  4.89500000000000000000000000000000000000000000000000e+03
  4.89600000000000000000000000000000000000000000000000e+03
  5.05900000000000000000000000000000000000000000000000e+03
  5.06000000000000000000000000000000000000000000000000e+03
  5.10400000000000000000000000000000000000000000000000e+03
  5.10500000000000000000000000000000000000000000000000e+03
  5.15800000000000000000000000000000000000000000000000e+03
  5.15900000000000000000000000000000000000000000000000e+03
  5.21200000000000000000000000000000000000000000000000e+03
  5.21300000000000000000000000000000000000000000000000e+03
  5.26300000000000000000000000000000000000000000000000e+03
  5.26400000000000000000000000000000000000000000000000e+03
  5.34700000000000000000000000000000000000000000000000e+03
  5.34800000000000000000000000000000000000000000000000e+03
  5.44300000000000000000000000000000000000000000000000e+03
  5.44500000000000000000000000000000000000000000000000e+03
  5.46700000000000000000000000000000000000000000000000e+03
  5.46800000000000000000000000000000000000000000000000e+03
  5.71900000000000000000000000000000000000000000000000e+03
  5.72000000000000000000000000000000000000000000000000e+03
  5.84600000000000000000000000000000000000000000000000e+03
  5.84700000000000000000000000000000000000000000000000e+03
  5.97700000000000000000000000000000000000000000000000e+03
  5.97900000000000000000000000000000000000000000000000e+03
  6.03700000000000000000000000000000000000000000000000e+03
  6.03900000000000000000000000000000000000000000000000e+03
  6.05000000000000000000000000000000000000000000000000e+03
  6.05100000000000000000000000000000000000000000000000e+03
  6.12100000000000000000000000000000000000000000000000e+03
  6.12300000000000000000000000000000000000000000000000e+03
  6.19000000000000000000000000000000000000000000000000e+03
  6.19200000000000000000000000000000000000000000000000e+03
  6.46400000000000000000000000000000000000000000000000e+03
  6.46500000000000000000000000000000000000000000000000e+03
  6.47800000000000000000000000000000000000000000000000e+03
  6.47900000000000000000000000000000000000000000000000e+03
  6.48100000000000000000000000000000000000000000000000e+03
  6.48200000000000000000000000000000000000000000000000e+03
  6.48400000000000000000000000000000000000000000000000e+03
  6.48500000000000000000000000000000000000000000000000e+03
  6.48700000000000000000000000000000000000000000000000e+03
  6.48800000000000000000000000000000000000000000000000e+03
  6.49000000000000000000000000000000000000000000000000e+03
  6.49100000000000000000000000000000000000000000000000e+03
  6.49300000000000000000000000000000000000000000000000e+03
  6.49400000000000000000000000000000000000000000000000e+03
  6.49600000000000000000000000000000000000000000000000e+03
  6.49700000000000000000000000000000000000000000000000e+03
  6.49900000000000000000000000000000000000000000000000e+03
  6.50000000000000000000000000000000000000000000000000e+03
  6.50200000000000000000000000000000000000000000000000e+03
  6.50300000000000000000000000000000000000000000000000e+03
  6.50500000000000000000000000000000000000000000000000e+03
  6.50600000000000000000000000000000000000000000000000e+03
  6.50800000000000000000000000000000000000000000000000e+03
  6.50900000000000000000000000000000000000000000000000e+03
  6.51100000000000000000000000000000000000000000000000e+03
  6.51200000000000000000000000000000000000000000000000e+03
  6.51400000000000000000000000000000000000000000000000e+03
  6.51500000000000000000000000000000000000000000000000e+03
  6.51700000000000000000000000000000000000000000000000e+03
  6.51800000000000000000000000000000000000000000000000e+03
  6.52000000000000000000000000000000000000000000000000e+03
  6.52100000000000000000000000000000000000000000000000e+03
  6.52300000000000000000000000000000000000000000000000e+03
  6.52400000000000000000000000000000000000000000000000e+03
  6.52600000000000000000000000000000000000000000000000e+03
  6.52700000000000000000000000000000000000000000000000e+03
  6.52900000000000000000000000000000000000000000000000e+03
  6.53000000000000000000000000000000000000000000000000e+03
  6.53200000000000000000000000000000000000000000000000e+03
  6.53300000000000000000000000000000000000000000000000e+03
  6.53500000000000000000000000000000000000000000000000e+03
  6.53600000000000000000000000000000000000000000000000e+03
  6.53800000000000000000000000000000000000000000000000e+03
  6.53900000000000000000000000000000000000000000000000e+03
  6.54100000000000000000000000000000000000000000000000e+03
  6.54200000000000000000000000000000000000000000000000e+03
  6.54400000000000000000000000000000000000000000000000e+03
  6.54500000000000000000000000000000000000000000000000e+03
  6.54700000000000000000000000000000000000000000000000e+03
  6.54800000000000000000000000000000000000000000000000e+03
  6.55000000000000000000000000000000000000000000000000e+03
  6.55100000000000000000000000000000000000000000000000e+03
  6.55300000000000000000000000000000000000000000000000e+03
  6.55400000000000000000000000000000000000000000000000e+03
  6.55600000000000000000000000000000000000000000000000e+03
  6.55700000000000000000000000000000000000000000000000e+03
  6.55900000000000000000000000000000000000000000000000e+03
  6.56000000000000000000000000000000000000000000000000e+03
  6.56200000000000000000000000000000000000000000000000e+03
  6.56300000000000000000000000000000000000000000000000e+03
  6.56500000000000000000000000000000000000000000000000e+03
  6.56600000000000000000000000000000000000000000000000e+03
  6.56800000000000000000000000000000000000000000000000e+03
  6.56900000000000000000000000000000000000000000000000e+03
  6.57100000000000000000000000000000000000000000000000e+03
  6.57200000000000000000000000000000000000000000000000e+03
  6.57400000000000000000000000000000000000000000000000e+03
  6.57500000000000000000000000000000000000000000000000e+03
  6.66700000000000000000000000000000000000000000000000e+03
  6.66900000000000000000000000000000000000000000000000e+03
  6.67700000000000000000000000000000000000000000000000e+03
  6.67800000000000000000000000000000000000000000000000e+03
  6.68500000000000000000000000000000000000000000000000e+03
  6.68600000000000000000000000000000000000000000000000e+03
  6.70000000000000000000000000000000000000000000000000e+03
  6.70100000000000000000000000000000000000000000000000e+03
  6.70900000000000000000000000000000000000000000000000e+03
  6.71000000000000000000000000000000000000000000000000e+03
  6.71800000000000000000000000000000000000000000000000e+03
  6.71900000000000000000000000000000000000000000000000e+03
  6.75400000000000000000000000000000000000000000000000e+03
  6.75500000000000000000000000000000000000000000000000e+03
  6.76600000000000000000000000000000000000000000000000e+03
  6.76700000000000000000000000000000000000000000000000e+03
  6.77500000000000000000000000000000000000000000000000e+03
  6.77600000000000000000000000000000000000000000000000e+03
  6.78400000000000000000000000000000000000000000000000e+03
  6.78600000000000000000000000000000000000000000000000e+03
  6.97900000000000000000000000000000000000000000000000e+03
  6.98100000000000000000000000000000000000000000000000e+03
  7.03000000000000000000000000000000000000000000000000e+03
  7.03200000000000000000000000000000000000000000000000e+03
  7.29400000000000000000000000000000000000000000000000e+03
  7.29500000000000000000000000000000000000000000000000e+03
  7.93000000000000000000000000000000000000000000000000e+03
  7.93200000000000000000000000000000000000000000000000e+03
  7.93400000000000000000000000000000000000000000000000e+03
  7.93500000000000000000000000000000000000000000000000e+03
  7.93700000000000000000000000000000000000000000000000e+03
  7.93800000000000000000000000000000000000000000000000e+03
  7.98800000000000000000000000000000000000000000000000e+03
  7.98900000000000000000000000000000000000000000000000e+03
  8.02900000000000000000000000000000000000000000000000e+03
  8.03100000000000000000000000000000000000000000000000e+03
  8.07200000000000000000000000000000000000000000000000e+03
  8.07300000000000000000000000000000000000000000000000e+03
  8.14700000000000000000000000000000000000000000000000e+03
  8.14800000000000000000000000000000000000000000000000e+03
  8.50400000000000000000000000000000000000000000000000e+03
  8.50500000000000000000000000000000000000000000000000e+03
  8.62000000000000000000000000000000000000000000000000e+03
  8.62100000000000000000000000000000000000000000000000e+03
  8.62300000000000000000000000000000000000000000000000e+03
  8.62400000000000000000000000000000000000000000000000e+03
  8.62600000000000000000000000000000000000000000000000e+03
  8.62700000000000000000000000000000000000000000000000e+03
  8.62900000000000000000000000000000000000000000000000e+03
  8.63000000000000000000000000000000000000000000000000e+03
  8.63200000000000000000000000000000000000000000000000e+03
  8.63300000000000000000000000000000000000000000000000e+03
  8.63500000000000000000000000000000000000000000000000e+03
  8.63600000000000000000000000000000000000000000000000e+03
  8.63800000000000000000000000000000000000000000000000e+03
  8.63900000000000000000000000000000000000000000000000e+03
  8.64100000000000000000000000000000000000000000000000e+03
  8.64200000000000000000000000000000000000000000000000e+03
  8.64400000000000000000000000000000000000000000000000e+03
  8.64500000000000000000000000000000000000000000000000e+03
  8.64700000000000000000000000000000000000000000000000e+03
  8.64800000000000000000000000000000000000000000000000e+03
  8.65000000000000000000000000000000000000000000000000e+03
  8.65100000000000000000000000000000000000000000000000e+03
  8.65300000000000000000000000000000000000000000000000e+03
  8.65400000000000000000000000000000000000000000000000e+03
  8.65600000000000000000000000000000000000000000000000e+03
  8.65700000000000000000000000000000000000000000000000e+03
  8.65900000000000000000000000000000000000000000000000e+03
  8.66000000000000000000000000000000000000000000000000e+03
  8.66200000000000000000000000000000000000000000000000e+03
  8.66300000000000000000000000000000000000000000000000e+03
  8.66500000000000000000000000000000000000000000000000e+03
  8.66600000000000000000000000000000000000000000000000e+03
  8.66800000000000000000000000000000000000000000000000e+03
  8.66900000000000000000000000000000000000000000000000e+03
  8.67100000000000000000000000000000000000000000000000e+03
  8.67200000000000000000000000000000000000000000000000e+03
  8.67400000000000000000000000000000000000000000000000e+03
  8.67500000000000000000000000000000000000000000000000e+03
  8.67700000000000000000000000000000000000000000000000e+03
  8.67800000000000000000000000000000000000000000000000e+03
  8.68000000000000000000000000000000000000000000000000e+03
  8.68100000000000000000000000000000000000000000000000e+03
  8.68300000000000000000000000000000000000000000000000e+03
  8.68400000000000000000000000000000000000000000000000e+03
  8.68600000000000000000000000000000000000000000000000e+03
  8.68700000000000000000000000000000000000000000000000e+03
  8.69200000000000000000000000000000000000000000000000e+03
  8.69300000000000000000000000000000000000000000000000e+03
  8.69500000000000000000000000000000000000000000000000e+03
  8.69600000000000000000000000000000000000000000000000e+03
  8.69800000000000000000000000000000000000000000000000e+03
  8.69900000000000000000000000000000000000000000000000e+03
  8.70100000000000000000000000000000000000000000000000e+03
  8.70200000000000000000000000000000000000000000000000e+03
  8.70400000000000000000000000000000000000000000000000e+03
  8.70500000000000000000000000000000000000000000000000e+03
  8.71000000000000000000000000000000000000000000000000e+03
  8.71100000000000000000000000000000000000000000000000e+03
  8.71300000000000000000000000000000000000000000000000e+03
  8.71400000000000000000000000000000000000000000000000e+03
  8.84900000000000000000000000000000000000000000000000e+03
  8.85000000000000000000000000000000000000000000000000e+03
  8.85400000000000000000000000000000000000000000000000e+03
  8.85600000000000000000000000000000000000000000000000e+03
  8.86300000000000000000000000000000000000000000000000e+03
  8.86400000000000000000000000000000000000000000000000e+03
  8.86900000000000000000000000000000000000000000000000e+03
  8.87000000000000000000000000000000000000000000000000e+03
  8.88100000000000000000000000000000000000000000000000e+03
  8.88200000000000000000000000000000000000000000000000e+03
  8.89300000000000000000000000000000000000000000000000e+03
  8.89400000000000000000000000000000000000000000000000e+03
  8.90500000000000000000000000000000000000000000000000e+03
  8.90600000000000000000000000000000000000000000000000e+03
  8.91700000000000000000000000000000000000000000000000e+03
  8.91800000000000000000000000000000000000000000000000e+03
  8.92900000000000000000000000000000000000000000000000e+03
  8.93000000000000000000000000000000000000000000000000e+03
  8.93500000000000000000000000000000000000000000000000e+03
  8.93600000000000000000000000000000000000000000000000e+03
  8.94100000000000000000000000000000000000000000000000e+03
  8.94200000000000000000000000000000000000000000000000e+03
  8.95000000000000000000000000000000000000000000000000e+03
  8.95100000000000000000000000000000000000000000000000e+03
  8.95900000000000000000000000000000000000000000000000e+03
  8.96100000000000000000000000000000000000000000000000e+03
  9.30400000000000000000000000000000000000000000000000e+03
  9.30600000000000000000000000000000000000000000000000e+03
  9.41200000000000000000000000000000000000000000000000e+03
  9.41300000000000000000000000000000000000000000000000e+03
