16 1
  6.53000000000000000000000000000000000000000000000000e+02
  6.54000000000000000000000000000000000000000000000000e+02
  6.56000000000000000000000000000000000000000000000000e+02
  6.57000000000000000000000000000000000000000000000000e+02
  8.14000000000000000000000000000000000000000000000000e+02
  8.16000000000000000000000000000000000000000000000000e+02
  9.91000000000000000000000000000000000000000000000000e+02
  9.93000000000000000000000000000000000000000000000000e+02
  1.77200000000000000000000000000000000000000000000000e+03
  1.77300000000000000000000000000000000000000000000000e+03
  1.77400000000000000000000000000000000000000000000000e+03
  1.77500000000000000000000000000000000000000000000000e+03
  1.95100000000000000000000000000000000000000000000000e+03
  1.95300000000000000000000000000000000000000000000000e+03
  2.10100000000000000000000000000000000000000000000000e+03
  2.10300000000000000000000000000000000000000000000000e+03
